DATA = [72.75, 0.67;
       76.75, 0.66;
       53 , 0.67;
       141, 0.676;
       100.66, 0.74;
       61.8, 0.74;
       40.42, 0.63;
       31.6, 0.675;
       52.5, 0.67;
       61, 0.65;
       63.2, 0.5682;
       63.8, 0.69;
       45.57, 0.7092;
       34.11, 0.69;
       29.3, 0.69;
       278, 0.65;
       258, 0.68;
       119, 0.67;
       141, 0.67;
       50.7, 0.6769;
       52.9, 0.7188;
       100.13, 0.66;
       121.58, 0.6797;
       40.57, 0.63;
       10, 0.7556;
       18.68, 0.6875];
   Depth = [4;
       4;
       6;
       2;
       3;
       5;
       7;
       10;
       5;
       5;
       5;
       5;
       7;
       9;
       10;
       1;
       1;
       2;
       2;
       6;
       6;
       3;
       3;
       7;
       8;
       8];
       
       
       
    